11
1,Washington,62 32,64 82,74 92,74 104,164 120,180 50,94 28,94 50
2,Oregon,64 82,74 92,74 104,164 120,146 216,26 178
3,Idaho,180 50,164 120,146 216,242 234,252 168,222 168,196 50
4,Montana,196 50,222 168,252 168,255 160,368 178,372 82
5,Wyoming,252 168,255 160,368 178,360 270,242 260
6,California,26 178,94 200,80 272,154 394,136 450,92 436,92 412,42 372,12 216
7,Nevada,94 200,80 272,154 394,158 360,168 368,192 226
8,Utah,192 226,172 343,262 360,276 262,242 260,244 232
9,Colorado,276 262,394 276,388 370,262 360
10,Arizona,172 343,168 368,158 360,154 394,136 450,206 490,244 494,262 360
11,New Mexico,262 360,244 494,260 494,260 484,360 490,370 370
1 2
1 3
2 3
2 6
2 7
3 4
3 5
3 7
3 8
4 5
5 8
5 9
6 7
6 10
7 8
7 10
8 9
8 10
8 11
9 10
9 11
10 11